19930
18396
22130
20770
20848
24530
19622
18324
22842
23152
17362
18676
23806
20584
19040
23790
18810
16160
11994
19514
20664
23100
17138
18838
19982
22978
23354
20740
19890
25542
22540
22240
15872
22456
17426
17736
20722
25518
20796
22836
22324
19178
19048
18310
21966
21120
23472
20662
20976
18644
21142
24084
24414
24866
22738
19986
20596
17250
16712
20450
17650
25278
16764
23088
18332
20548
22402
20300
24252
21030
17078
21154
20854
19078
23838
21152
18930
21560
20876
20050
19558
19436
21428
20402
19704
19354
24932
17112
20260
18890
19036
16664
20394
22736
19692
21200
26098
19026
16736
23360
18622
